image_width: 640
image_height: 480
camera_name: fisheye_front
camera_matrix:
  rows: 3
  cols: 3
  data: [271.7130252551282, 0.0, 320.79340187886527,
         0.0, 272.1434051421597, 226.64923232430766,
         0.0, 0.0, 1.0]
distortion_model: equidistant
distortion_coefficients:
  rows: 1
  cols: 4
  data: [-0.05268338601520044, 0.004889702830369265,
         -0.0031745403716575385, 0.00015737212611983246]
rectification_matrix:
  rows: 3
  cols: 3
  data: [1.0, 0.0, 0.0,  0.0, 1.0, 0.0,  0.0, 0.0, 1.0]
projection_matrix:
  rows: 3
  cols: 4
  data: [252.0830841064453, 0.0, 321.147701029975, 0.0,
         0.0, 260.4607849121094, 223.13973599103883, 0.0,
         0.0, 0.0, 1.0, 0.0]